function dis = init_map(dis)  %以左下角点为坐标原点  以左上区域为(1,1)
   
   dis(1,1,:) = [787.5 1545];
   dis(1,2,:) = [787.5 3755];
   dis(1,3,:) = [787.5 5085];
   dis(1,4,:) = [787.5 6415];
   dis(1,5,:) = [787.5 7745];
   dis(1,6,:) = [787.5 9500];
   
   dis(2,1,:) = [2037.5 1545];
   dis(2,2,:) = [2037.5 3755];
   dis(2,3,:) = [2037.5 5085];
   dis(2,4,:) = [2037.5 6415];
   dis(2,5,:) = [2037.5 7745];
   dis(2,6,:) = [2037.5 9197.5];
   
   dis(3,1,:) = [3075 500];
   dis(3,2,:) = [3075 3755];
   dis(3,3,:) = [3075 5085];
   dis(3,4,:) = [3075 6415];
   dis(3,5,:) = [3075 7745];
   dis(3,6,:) = [3075 9197.5];  